2928,
2928,
2928,
2928,
4178,
45,116,314,
2928,4178,1247,
132,16,2877,
3198,8214,12,2928,
2928,
2928,
2928,
2928,
2928,
2928,
2928,
2928,
2928,
5919,
5919,
5919,
4178,
2526,
2526,
2526,
2526,
2526,
2526,
2526,
2526,
2526,
2526,
2526,
2526,
2526,
5919,
5919,
5919,
3198,
3198,
9189,
9189,
2526,
5919,
5919,
5919,
5919,
5919,
92,131,626,
12,235,2,2526,-1,2456,
12014,39,1494,
2526,
3198,
3198,
3198,
2526,
183,4,125,9,1527,4638,
4607,6,2548,1494,
-1,
555,89,1,234,611,
12,134,611,1428,
8,12,29,3132,2548,
8,12,1,234,2548,
8,12,1,234,2548,
12,1,234,2548,
12,1,1847,2548,
12,1847,2548,
1,1847,2548,
1,1847,2548,
8789,12,2548,
1,1847,2548,
3234,1,16189,
555,89,8491,611,
2928,
2928,4178,-1,
2928,4178,8728,
2928,
2928,
2928,
2928,
2928,10231,
2928,
2928,
12,8,2928,
2928,
3234,1,2110,
2928,
555,89,92,5751,
5,2548,
5,592,
